1
176
21
14
22
14
3
64
32
6
6
11
19
295
15
123
236
54
24
5
1
2
5
17
3
2
4
25
8
1
20
2
36
4
3
2
64
1
3
1
3
2
1
3
12
3
4
1
2
2
3
2
2
4
2
1
51
46
4
18
8
2
3
9
5
6
14
62
2
1
2
2
4
1
5
2
20
65
2
2
2
4
4
2
6
3
32
79
10
3
8
8
3
4
8
49
5
5
5
19
14
3
8
4
4
7
11
33
4
34
16
40
11
9
6
59
2
54
6
48
14
2
3
3
3
6
9
34
3
4
3
7
5
4
12
4
4
7
8
3
11
3
7
3
5
3
3
52
3
3
14
6
3
3
3
3
47
7
4
11
9
9
7
5
16
4
3
21
1
0
17
16
22
6
1
4
30
15
2
26
8
3
4
4
4
5
5
4
10
10
9
4
6
4
3
4
3
6
9
3
14
5
5
6
3
3
6
4
7
16
4
4
4
3
4
3
5
3
20
6
39
21
13
29
2
8
3
6
4
6
4
5
4
10
4
3
12
15
131
83
17
3
2
40
5
24
1
26
45
48
10
4
3
12
2
28
3
2
1
3
5
43
31
2
1
1
0
3
2
20
11
5
4
3
4
4
2
8
2
1
1
3
13
82
1
2
35
9
14
15
3
2
2
3
3
2
43
14
2
2
2
2
6
2
1
2
24
2
8
5
5
19
2
2
3
2
2
22
2
13
2
28
4
2
3
44
10
2
3
38
3
40
68
3
17
1
68
3
3
1
11
2
2
6
2
2
4
40
7
9
3
2
6
2
2
2
2
4
3
4
12
17
8
5
4
2
4
5
7
3
8
12
15
23
6
2
5
12
12
7
62
1
12
1
3
0
6
3
7
4
2
8
4
3
8
5
2
10
4
2
2
4
3
3
9
7
19
1
8
14
7
6
56
10
5
2
12
11
2
2
2
9
6
1
0
9
24
9
1
3
1
2
11
17
2
1
9
5
20
10
37
0
0
6
1
4
17
13
3
1
0
6
5
6
1
13
31
2
1
2
1
5
2
1
2
1
9
1
2
1
2
68
2
3
1
2
1
3
7
1
33
1
8
5
3
2
2
2
32
3
2
1
1
5
13
20
2
4
4
2
3
2
2
3
2
3
23
3
82
5
3
2
64
24
130
57
2
3
2
6
4
14
3
2
3
3
85
3
63
3
4
13
10
8
2
3
45
31
19
48
8
2
2
2
5
1
2
178
7
24
12
13
23
44
29
24
17
45
